################################################################################
# PackageCompiler set-up: 2021-01-11T20:02:03.945
#

Julia Version 1.5.3
Commit 599f52c4c6 (2020-12-18 13:33 UTC)
Platform Info:
  OS: Linux (x86_64-linux-gnu)
  CPU: AMD EPYC 7502 32-Core Processor
  WORD_SIZE: 64
  LIBM: libopenlibm
  LLVM: libLLVM-9.0.1 (ORCJIT, znver2)
Environment:
  JULIA_PKGEVAL = true
  JULIA_PKG_PRECOMPILE_AUTO = 0



################################################################################
# Installation: 2021-01-11T20:02:05.673
#

 Installing known registries into `~/.julia`
######################################################################## 100.0%
      Added registry `General` to `~/.julia/registries/General`
  Resolving package versions...
  Installed Quante ─────────────────────── v0.1.0
  Installed CompilerSupportLibraries_jll ─ v0.3.4+0
  Installed OpenSpecFun_jll ────────────── v0.5.3+4
  Installed SpecialFunctions ───────────── v0.10.3
  Installed BenchmarkTools ─────────────── v0.5.0
  Installed JSON ───────────────────────── v0.21.1
  Installed JLLWrappers ────────────────── v1.2.0
  Installed PackageCompiler ────────────── v1.2.5
  Installed Parsers ────────────────────── v1.0.15
  Installed Artifacts ──────────────────── v1.3.0
Updating `~/.julia/environments/v1.5/Project.toml`
  [9b87118b] + PackageCompiler v1.2.5
  [62e6779b] + Quante v0.1.0
Updating `~/.julia/environments/v1.5/Manifest.toml`
  [56f22d72] + Artifacts v1.3.0
  [6e4b80f9] + BenchmarkTools v0.5.0
  [e66e0078] + CompilerSupportLibraries_jll v0.3.4+0
  [692b3bcd] + JLLWrappers v1.2.0
  [682c06a0] + JSON v0.21.1
  [efe28fd5] + OpenSpecFun_jll v0.5.3+4
  [9b87118b] + PackageCompiler v1.2.5
  [69de0a69] + Parsers v1.0.15
  [62e6779b] + Quante v0.1.0
  [276daf66] + SpecialFunctions v0.10.3
  [2a0f44e3] + Base64
  [ade2ca70] + Dates
  [8ba89e20] + Distributed
  [b77e0a4c] + InteractiveUtils
  [76f85450] + LibGit2
  [8f399da3] + Libdl
  [37e2e46d] + LinearAlgebra
  [56ddb016] + Logging
  [d6f4376e] + Markdown
  [a63ad114] + Mmap
  [44cfe95a] + Pkg
  [de0858da] + Printf
  [3fa0cd96] + REPL
  [9a3f8284] + Random
  [ea8e919c] + SHA
  [9e88b42a] + Serialization
  [1a1011a3] + SharedArrays
  [6462fe0b] + Sockets
  [2f01184e] + SparseArrays
  [10745b16] + Statistics
  [8dfed614] + Test
  [cf7118a7] + UUIDs
  [4ec0a83e] + Unicode


################################################################################
# Compiling: 2021-01-11T20:02:11.549
#

[ Info: PackageCompiler: creating system image object file, this might take a while...
Generated system image is 148.984 MiB, compilation took 164 seconds


################################################################################
# PkgEval set-up: 2021-01-11T20:05:03.316
#

Julia Version 1.5.3
Commit 599f52c4c6 (2020-12-18 13:33 UTC)
Platform Info:
  OS: Linux (x86_64-linux-gnu)
  CPU: AMD EPYC 7502 32-Core Processor
  WORD_SIZE: 64
  LIBM: libopenlibm
  LLVM: libLLVM-9.0.1 (ORCJIT, znver2)
Environment:
  JULIA_PKGEVAL = true
  JULIA_PKG_PRECOMPILE_AUTO = 0

Base.julia_cmd() = `/usr/local/julia/bin/julia -Cnative -J/cache/Quante-J1ZNe50r.so -g1`


################################################################################
# Installation: 2021-01-11T20:05:05.084
#

 Installing known registries into `~/.julia`
###################################################                       71.8%######################################################################## 100.0%
      Added registry `General` to `~/.julia/registries/General`
  Resolving package versions...
  Installed Quante ─────────────────────── v0.1.0
  Installed CompilerSupportLibraries_jll ─ v0.3.4+0
  Installed OpenSpecFun_jll ────────────── v0.5.3+4
  Installed SpecialFunctions ───────────── v0.10.3
  Installed BenchmarkTools ─────────────── v0.5.0
  Installed Parsers ────────────────────── v1.0.15
  Installed JSON ───────────────────────── v0.21.1
  Installed JLLWrappers ────────────────── v1.2.0
  Installed Artifacts ──────────────────── v1.3.0
Updating `~/.julia/environments/v1.5/Project.toml`
  [62e6779b] + Quante v0.1.0
Updating `~/.julia/environments/v1.5/Manifest.toml`
  [56f22d72] + Artifacts v1.3.0
  [6e4b80f9] + BenchmarkTools v0.5.0
  [e66e0078] + CompilerSupportLibraries_jll v0.3.4+0
  [692b3bcd] + JLLWrappers v1.2.0
  [682c06a0] + JSON v0.21.1
  [efe28fd5] + OpenSpecFun_jll v0.5.3+4
  [69de0a69] + Parsers v1.0.15
  [62e6779b] + Quante v0.1.0
  [276daf66] + SpecialFunctions v0.10.3
  [2a0f44e3] + Base64
  [ade2ca70] + Dates
  [8ba89e20] + Distributed
  [b77e0a4c] + InteractiveUtils
  [76f85450] + LibGit2
  [8f399da3] + Libdl
  [37e2e46d] + LinearAlgebra
  [56ddb016] + Logging
  [d6f4376e] + Markdown
  [a63ad114] + Mmap
  [44cfe95a] + Pkg
  [de0858da] + Printf
  [3fa0cd96] + REPL
  [9a3f8284] + Random
  [ea8e919c] + SHA
  [9e88b42a] + Serialization
  [1a1011a3] + SharedArrays
  [6462fe0b] + Sockets
  [2f01184e] + SparseArrays
  [10745b16] + Statistics
  [8dfed614] + Test
  [cf7118a7] + UUIDs
  [4ec0a83e] + Unicode


################################################################################
# Testing: 2021-01-11T20:05:09.762
#

    Testing Quante
Status `/tmp/jl_74tkOb/Project.toml`
  [6e4b80f9] BenchmarkTools v0.5.0
  [62e6779b] Quante v0.1.0
  [276daf66] SpecialFunctions v0.10.3
  [8ba89e20] Distributed
  [37e2e46d] LinearAlgebra
  [1a1011a3] SharedArrays
  [8dfed614] Test
Status `/tmp/jl_74tkOb/Manifest.toml`
  [56f22d72] Artifacts v1.3.0
  [6e4b80f9] BenchmarkTools v0.5.0
  [e66e0078] CompilerSupportLibraries_jll v0.3.4+0
  [692b3bcd] JLLWrappers v1.2.0
  [682c06a0] JSON v0.21.1
  [efe28fd5] OpenSpecFun_jll v0.5.3+4
  [69de0a69] Parsers v1.0.15
  [62e6779b] Quante v0.1.0
  [276daf66] SpecialFunctions v0.10.3
  [2a0f44e3] Base64
  [ade2ca70] Dates
  [8ba89e20] Distributed
  [b77e0a4c] InteractiveUtils
  [76f85450] LibGit2
  [8f399da3] Libdl
  [37e2e46d] LinearAlgebra
  [56ddb016] Logging
  [d6f4376e] Markdown
  [a63ad114] Mmap
  [44cfe95a] Pkg
  [de0858da] Printf
  [3fa0cd96] REPL
  [9a3f8284] Random
  [ea8e919c] SHA
  [9e88b42a] Serialization
  [1a1011a3] SharedArrays
  [6462fe0b] Sockets
  [2f01184e] SparseArrays
  [10745b16] Statistics
  [8dfed614] Test
  [cf7118a7] UUIDs
  [4ec0a83e] Unicode
┌ Warning: `lgamma(x::Real)` is deprecated, use `(logabsgamma(x))[1]` instead.
│   caller = gser at gamma.jl:27 [inlined]
└ @ Core /home/pkgeval/.julia/packages/Quante/vuQmp/src/gamma.jl:27
┌ Warning: `lgamma(x::Real)` is deprecated, use `(logabsgamma(x))[1]` instead.
│   caller = gcf(::Float64, ::Float64, ::Int64, ::Float64, ::Float64) at gamma.jl:46
└ @ Quante /home/pkgeval/.julia/packages/Quante/vuQmp/src/gamma.jl:46
Nel=14 Nclosed=7
SCF: Iteration TotalEnergy :=: Enuke + Eone + Etwo
HF: 1  -107.38090452350782 : 22.5140712945591    -101.24781936281877    -28.647156455248147
HF: 2  -108.77382756395973 : 22.5140712945591    -97.53100344626536    -33.75689541225347
HF: 3  -110.12551264856455 : 22.5140712945591    -98.67546170673994    -33.96412223638372
HF: 4  -110.76189261141118 : 22.5140712945591    -98.56583645141059    -34.7101274545597
HF: 5  -111.03516071971416 : 22.5140712945591    -98.54594349010443    -35.00328852416883
HF: 6  -111.1479094840699 : 22.5140712945591    -98.5303952339635    -35.1315855446655
HF: 7  -111.19369941830124 : 22.5140712945591    -98.52258558420606    -35.18518512865428
HF: 8  -111.21217070361578 : 22.5140712945591    -98.51831978577727    -35.20792221239763
HF: 9  -111.21959899289305 : 22.5140712945591    -98.51597841497619    -35.21769187247597
HF: 10  -111.22258182508688 : 22.5140712945591    -98.51467569564434    -35.22197742400164
HF: 11  -111.2237786459738 : 22.5140712945591    -98.51394271465341    -35.223907225879486
HF: 12  -111.22425864946584 : 22.5140712945591    -98.51352588607543    -35.224804057949505
HF: 13  -111.2244511177405 : 22.5140712945591    -98.5132864081498    -35.22523600414981
HF: 14  -111.22452828354264 : 22.5140712945591    -98.51314743694405    -35.225452141157696
HF: 15  -111.22455922038219 : 22.5140712945591    -98.51306598867731    -35.22556452626398
HF: 16  -111.22457162368039 : 22.5140712945591    -98.51301778390969    -35.2256251343298
HF: 17  -111.22457659678557 : 22.5140712945591    -98.51298897773387    -35.22565891361079
HF: 18  -111.22457859095768 : 22.5140712945591    -98.51297160085744    -35.22567828465934
HF: 19  -111.22457939070918 : 22.5140712945591    -98.51296102271675    -35.22568966255154
141.071744 seconds (248.61 M allocations: 29.839 GiB, 1.32% gc time)
CO Energy: -111.22457939070918 S&O STO-3G: -111.225
Nel=14 Nclosed=7
SCF: Iteration TotalEnergy :=: Enuke + Eone + Etwo
HF: 1  -104.09363805438095 : 23.625843780135007    -97.40203431602254    -30.31744751849341
HF: 2  -105.54021878932971 : 23.625843780135007    -96.78542951388087    -32.38063305558385
HF: 3  -106.24731429950734 : 23.625843780135007    -96.48366977076458    -33.38948830887775
HF: 4  -106.55317544462582 : 23.625843780135007    -96.33882609816777    -33.84019312659306
HF: 5  -106.67974978984344 : 23.625843780135007    -96.2690914651193    -34.03650210485915
HF: 6  -106.73119121822813 : 23.625843780135007    -96.23519312549075    -34.12184187287238
HF: 7  -106.75193271299695 : 23.625843780135007    -96.21852152362197    -34.15925496950997
HF: 8  -106.760265118132 : 23.625843780135007    -96.21022274232871    -34.175886155938294
HF: 9  -106.76360641865631 : 23.625843780135007    -96.20604250200132    -34.183407696790006
HF: 10  -106.7649450191207 : 23.625843780135007    -96.20391249208278    -34.18687630717294
HF: 11  -106.76548101280285 : 23.625843780135007    -96.20281498990607    -34.18850980303178
HF: 12  -106.76569556638697 : 23.625843780135007    -96.20224331120853    -34.189296035313454
HF: 13  -106.7657814341807 : 23.625843780135007    -96.20194233676442    -34.1896828775513
HF: 14  -106.76581579569233 : 23.625843780135007    -96.20178221012941    -34.18987736569793
HF: 15  -106.76582954493625 : 23.625843780135007    -96.20169613428851    -34.18997719078274
HF: 16  -106.76583504617497 : 23.625843780135007    -96.20164939337312    -34.19002943293685
HF: 17  -106.7658372471951 : 23.625843780135007    -96.2016237602977    -34.19005726703242
HF: 18  -106.76583812778863 : 23.625843780135007    -96.20160956816294    -34.190072339760704
136.476684 seconds (244.54 M allocations: 29.640 GiB, 1.09% gc time)
N2 Energy: -106.76583812778863 S&O STO-3G: -107.496
┌ Warning: `lgamma(x::Real)` is deprecated, use `(logabsgamma(x))[1]` instead.
│   caller = gser at gamma.jl:27 [inlined]
└ @ Core /home/pkgeval/.julia/packages/Quante/vuQmp/src/gamma.jl:27
┌ Warning: `lgamma(x::Real)` is deprecated, use `(logabsgamma(x))[1]` instead.
│   caller = gser at gamma.jl:27 [inlined]
└ @ Core /home/pkgeval/.julia/packages/Quante/vuQmp/src/gamma.jl:27
┌ Warning: `lgamma(x::Real)` is deprecated, use `(logabsgamma(x))[1]` instead.
│   caller = gser at gamma.jl:27 [inlined]
└ @ Core /home/pkgeval/.julia/packages/Quante/vuQmp/src/gamma.jl:27
S: 0.6065306597126335
T: 0.6065306597126335
V: 0.0 -0.8281442160449487
V: 0.25 -0.7990419008379454
V: 0.5 -0.7228383060053437
V: 0.75 -0.6248255535636188
V: 1.0 -0.5287466568645792
Testing simple molecules, sto-3g energy...
Building basis
2 basis functions
Calculating 1e ints
Calculating 2e ints
4.0 ints to calculate. Each '.' is 2.0
...Nel=2 Nclosed=1
S=
[0.9999999999999999 0.6647387449282997; 0.6647387449282997 0.9999999999999999]
h=
[-1.125810916294621 -0.9681258751914802; -0.9681258751914802 -1.125810916294621]
T=
[0.7600318835666092 0.24141861181119084; 0.24141861181119084 0.7600318835666092]
V=
[-1.8858427998612302 -1.209544487002671; -1.209544487002671 -1.8858427998612302]
E: [-1.2578170586017612, -0.4703348171545133]
U: [-0.5480396224736607 1.221218343106215; -0.5480396224736601 -1.221218343106215]
2e ints:
[0.7746059439196399, 0.4488373301616539, 0.3025451156658821, 0.5727937653751657, 0.4488373301616539, 0.7746059439196399]
SCF: Iteration TotalEnergy :=: Enuke + Eone + Etwo
D=
[0.3003474278010725 0.3003474278010722; 0.3003474278010722 0.30034742780107193]
HF: 1  -1.1170995844339022 : 0.7223600367025186    -1.2578170586017612    -0.5816425625346597
D=
[0.3003474278010724 0.3003474278010722; 0.3003474278010722 0.30034742780107204]
HF: 2  -1.1170995844339022 : 0.7223600367025186    -1.257817058601761    -0.5816425625346597
  0.712589 seconds (583.82 k allocations: 31.974 MiB, 0.94% gc time)
Nel=10 Nclosed=5
SCF: Iteration TotalEnergy :=: Enuke + Eone + Etwo
HF: 1  -73.2268097835856 : 9.32951149630016    -63.77027687859045    -18.786044401295293
HF: 2  -74.21491591132767 : 9.32951149630016    -62.14679373916344    -21.397633668464373
HF: 3  -74.65232617993207 : 9.32951149630016    -61.604425463292245    -22.377412212939987
HF: 4  -74.83500305481671 : 9.32951149630016    -61.41269949765016    -22.751815053466718
HF: 5  -74.9095156250628 : 9.32951149630016    -61.344044121147654    -22.894983000215298
HF: 6  -74.93961679589054 : 9.32951149630016    -61.319516182340585    -22.949612109850126
HF: 7  -74.9517284982483 : 9.32951149630016    -61.3108937264046    -22.970346268143857
HF: 8  -74.9565938591685 : 9.32951149630016    -61.3079786538504    -22.97812670161827
HF: 9  -74.95854705490727 : 9.32951149630016    -61.30707845290759    -22.98098009829984
HF: 10  -74.95933100370034 : 9.32951149630016    -61.3068633567034    -22.981979143297092
HF: 11  -74.95964565542846 : 9.32951149630016    -61.3068620991836    -22.98229505254503
HF: 12  -74.95977196011626 : 9.32951149630016    -61.30691356037699    -22.982369896039433
HF: 13  -74.9598226689431 : 9.32951149630016    -61.306966935339126    -22.98236722990414
HF: 14  -74.95984303194837 : 9.32951149630016    -61.30700933302654    -22.982345195221978
HF: 15  -74.95985121113257 : 9.32951149630016    -61.30703993462866    -22.982322772804064
HF: 16  -74.95985449739047 : 9.32951149630016    -61.30706106695965    -22.98230492673097
HF: 17  -74.95985581816805 : 9.32951149630016    -61.30707533348668    -22.982291980981536
HF: 18  -74.95985634918301 : 9.32951149630016    -61.30708484817707    -22.9822829973061
 22.526843 seconds (38.29 M allocations: 4.623 GiB, 1.69% gc time)
Building basis
6 basis functions
Calculating 1e ints
Calculating 2e ints
324.0 ints to calculate. Each '.' is 18.0
.....................Nel=4 Nclosed=2
S=
[1.0 0.24113665118392036 0.0 0.0 -3.338907246407602e-18 0.0623882078806568; 0.24113665118392036 1.0 0.0 0.0 8.090419857980937e-18 0.38778479173351166; 0.0 0.0 1.0000000000000002 0.0 0.0 0.0; 0.0 0.0 0.0 1.0000000000000002 0.0 0.0; -3.338907246407602e-18 8.090419857980937e-18 0.0 0.0 1.0000000000000002 0.5071549239287345; 0.0623882078806568 0.38778479173351166 0.0 0.0 0.5071549239287345 0.9999999999999999]
h=
[-4.730746231304545 -1.0628629974042871 0.0 0.0 -0.015513775274376541 -0.28302379767712815; -1.0628629974042871 -1.3925675517633638 0.0 0.0 -0.1204953048510706 -0.6747086489344614; 0.0 0.0 -1.13301549813328 0.0 0.0 0.0; 0.0 0.0 0.0 -1.13301549813328 0.0 0.0; -0.015513775274376541 -0.1204953048510706 0.0 0.0 -1.2297660389809888 -0.8231045394742205; -0.28302379767712815 -0.6747086489344614 0.0 0.0 -0.8231045394742205 -1.438312085210884]
T=
[3.576786424486299 -0.020237380561294524 0.0 0.0 1.0050742576448385e-16 -0.015182030356924784; -0.020237380561294524 0.10216336611653977 0.0 0.0 9.472869575926744e-18 0.04016357806666125; 0.0 0.0 0.31968166922508967 0.0 0.0 0.0; 0.0 0.0 0.0 0.31968166922508967 0.0 0.0; 1.0050742576448385e-16 9.472869575926744e-18 0.0 0.0 0.31968166922508967 0.1239804973854413; -0.015182030356924784 0.04016357806666125 0.0 0.0 0.1239804973854413 0.7600318835666092]
V=
[-8.307532655790844 -1.0426256168429926 0.0 0.0 -0.015513775274376642 -0.26784176732020337; -1.0426256168429926 -1.4947309178799035 0.0 0.0 -0.12049530485107061 -0.7148722270011226; 0.0 0.0 -1.4526971673583697 0.0 0.0 0.0; 0.0 0.0 0.0 -1.4526971673583697 0.0 0.0; -0.015513775274376642 -0.12049530485107061 0.0 0.0 -1.5494477082060785 -0.9470850368596617; -0.26784176732020337 -0.7148722270011226 0.0 0.0 -0.9470850368596617 -2.1983439687774933]
E: [-4.732669250144187, -1.4860298665242642, -1.1330154981332798, -1.1330154981332794, -1.1154357586516848, -0.9479967982615237]
U: [-1.0054961548821344 0.10705471453963768 3.168206643583703e-15 9.771223814946466e-16 -0.189773472826569 0.07131355877498223; 0.02501519791922036 -0.3058382737898152 -1.5500009979079776e-14 -4.41169985024096e-15 0.9365745196073741 -0.5960171462563034; 0.0 -9.71445146547012e-17 -0.9979397932831251 -0.06415737667667429 -1.687538997430238e-14 -2.220446049250313e-16; 1.1102230246251565e-16 8.673617379884035e-18 -0.06415737667667439 0.9979397932831254 3.7192471324942744e-15 6.938893903907228e-17; -0.0016660251434830672 -0.31813033085030995 7.406806048539392e-15 2.111886251704132e-15 -0.42486377639973105 -1.0738715473580898; -0.004279333591771872 -0.6670879230963064 3.766690594551142e-15 1.0572470486299735e-15 -0.23827720306239472 1.0904747085314677]
2e ints:
[1.6803951695331898, 0.2654203646077187, 0.049941457240219686, 0.39772686108959754, 0.09286014364192013, 0.29056229500902925, 0.0, 0.0, 0.0, 0.008981319284146876, 0.0, 0.0, 0.0, 0.013788268908942618, 0.06418432858618388, 0.39663964228846493, 0.0928803968305768, 0.2904969755878943, 0.0, 0.0, 0.31294551115932095, 0.0, 0.0, 0.0, 0.0, 0.0, 0.0, 0.008981319284146876, 0.0, 0.0, 0.0, 0.0, 0.0, 0.0, 0.013788268908942618, 0.06418432858618388, 0.0, 0.0, 0.0, 0.0, 0.0, 0.0, 0.0, 0.0, 0.016869139513679115, 0.39663964228846493, 0.0928803968305768, 0.2904969755878943, 0.0, 0.0, 0.27920723213196275, 0.0, 0.0, 0.0, 0.31294551115932095, -9.645556874830925e-18, -1.2368425659177096e-18, 1.88988258324805e-18, 0.0, 0.0, 2.0546726077601306e-18, 0.0, 0.0, 0.0, 2.0546726077601306e-18, 0.008981319284146876, 4.980527837358732e-18, 3.2619850144193316e-18, 1.6191766501719963e-18, 0.0, 0.0, 6.55780891405498e-18, 0.0, 0.0, 0.0, 6.55780891405498e-18, 0.013788268908942618, 0.06418432858618388, 0.0, 0.0, 0.0, 1.1899060704188328e-18, 2.8003994689972576e-18, 0.0, 0.0, 0.0, 0.0, 0.0, 0.0, 0.0, 0.016869139513679115, 0.0, 0.0, 0.0, 0.0, 0.0, 0.0, 1.1899060704188328e-18, 2.8003994689972576e-18, 0.0, 0.0, 0.0, 0.0, 0.0, 0.016869139513679115, 0.39663964228846493, 0.0928803968305768, 0.2904969755878943, 0.0, 0.0, 0.27920723213196275, 0.0, 0.0, 0.0, 0.27920723213196275, 4.434484748597798e-18, 1.2158607852049501e-17, 0.0, 0.0, 0.31294551115932095, 0.06673396770414669, 0.012620598638531735, 0.02388545407727867, 0.0, 0.0, 0.023604832299752375, 0.0, 0.0, 0.0, 0.023604832299752375, 0.001492272430983647, 0.002891161723563688, 0.0, 0.0, 0.024457596908721378, 0.0034862705333883167, 0.14596444422610827, 0.03443571481497561, 0.1126226803835977, 0.0, 0.0, 0.10696210179888317, 0.0, 0.0, 0.0, 0.10696210179888317, 0.005610129622053195, 0.033051117005616436, 0.0, 0.0, 0.12382568270043733, 0.01037795465570422, 0.07090836031824958, 0.0, 0.0, 0.0, 0.0028669465927147505, 0.013055295140459777, 0.0, 0.0, 0.0, 0.0, 0.0, 0.0, 0.0, 0.005185017473050787, 0.0, 0.0, 0.0, 0.0, 0.005280625871173754, 0.0, 0.0, 0.0, 0.0, 0.0, 0.0, 0.0028669465927147505, 0.013055295140459777, 0.0, 0.0, 0.0, 0.0, 0.0, 0.005185017473050787, 0.0, 0.0, 0.0, 0.0, 0.005280625871173754, 0.17771939256542632, 0.0423935602490053, 0.14400904031943848, 0.0, 0.0, 0.13434158959892134, 0.0, 0.0, 0.0, 0.13434158959892134, 0.008721129348030765, 0.05057776112643517, 0.0, 0.0, 0.16316946348450898, 0.013326385933063218, 0.09956151143349919, 0.0, 0.0, 0.14198400237178882, 0.32358050774845615, 0.07770946854193947, 0.27814663726303723, 0.0, 0.0, 0.2539337791170916, 0.0, 0.0, 0.0, 0.2539337791170916, 0.014760140933008894, 0.10475329596840663, 0.0, 0.0, 0.32620957580392934, 0.02454004453455279, 0.21734208254529888, 0.0, 0.0, 0.3173923492698283, 0.7746059439196399]
SCF: Iteration TotalEnergy :=: Enuke + Eone + Etwo
D=
[1.0224832293879205 -0.05789411441725586 -1.0399778285450686e-17 -1.1070394659959129e-16 -0.03238216987987124 -0.06711205370793027; -0.05789411441725586 0.09416280984167173 2.971051067014322e-17 1.2452070257030167e-19 0.09725475527873896 0.2039139704890468; -1.0399778285450686e-17 2.971051067014322e-17 9.437056727497456e-33 -8.425943506694157e-34 3.0904616587392877e-17 6.480393252120332e-17; -1.1070394659959129e-16 1.2452070257030167e-19 -8.425943506694157e-34 1.2401183282530936e-32 -2.9443067141214397e-18 -6.261166872042568e-18; -0.03238216987987124 0.09725475527873896 3.0904616587392877e-17 -2.9443067141214397e-18 0.10120968304670638 0.2122280311582353; -0.06711205370793027 0.2039139704890468 6.480393252120332e-17 -6.261166872042568e-18 0.2122280311582353 0.44502460983693326]
HF: 1  -7.832248066137741 : 0.9739538361317303    -6.21869911666845    -2.5875027856010213
D=
[1.0148696957624068 -0.046432904327708746 -4.383635070452437e-17 2.1689509039589935e-17 -0.04941806300667921 -0.07552878338472505; -0.046432904327708746 0.14378124716547358 3.125089209394364e-17 2.0380297349966718e-18 0.131591455000219 0.22286181735551785; -4.383635070452437e-17 3.125089209394364e-17 9.398623660936518e-33 -3.890332622332909e-33 3.022962701377693e-17 5.2752146999187453e-17; 2.1689509039589935e-17 2.0380297349966718e-18 -3.890332622332909e-33 1.2338145322607093e-32 -1.2245600444547114e-18 -1.812755774328894e-18; -0.04941806300667921 0.131591455000219 3.022962701377693e-17 -1.2245600444547114e-18 0.12187901543173416 0.2087847964129546; -0.07552878338472505 0.22286181735551785 5.2752146999187453e-17 -1.812755774328894e-18 0.2087847964129546 0.3666702806848994]
HF: 2  -7.848034551131688 : 0.9739538361317303    -6.211744542227802    -2.6102438450356162
D=
[1.0114801790868522 -0.04199806940666526 -4.856079718551873e-17 1.4152070989092618e-16 -0.05732067088163536 -0.08017101612632754; -0.04199806940666526 0.1706555776735028 1.3121358984428142e-17 2.9219605581314205e-18 0.14699079910874824 0.233525732794321; -4.856079718551873e-17 1.3121358984428142e-17 5.352161863868545e-33 -8.400233773214954e-33 1.35365589299791e-17 2.292552209181872e-17; 1.4152070989092618e-16 2.9219605581314205e-18 -8.400233773214954e-33 3.45472612222246e-32 -2.7309325477557527e-18 -2.489253500300737e-18; -0.05732067088163536 0.14699079910874824 1.35365589299791e-17 -2.7309325477557527e-18 0.12797759191983477 0.2045205539952115; -0.08017101612632754 0.233525732794321 2.292552209181872e-17 -2.489253500300737e-18 0.2045205539952115 0.33158198366709174]
HF: 3  -7.855236478240509 : 0.9739538361317303    -6.207801475558351    -2.621388838813888
D=
[1.0100650301585925 -0.04062636806464376 -2.8443362642051778e-18 5.305939231637622e-17 -0.06090235918591184 -0.08281898472153477; -0.04062636806464376 0.18574245977367343 1.3510479378222657e-17 1.0979251230674698e-17 0.15374973299850647 0.23984324610227373; -2.8443362642051778e-18 1.3510479378222657e-17 3.276751132442532e-33 -2.7175490779573438e-33 1.1523492938729652e-17 1.8828453393765e-17; 5.305939231637622e-17 1.0979251230674698e-17 -2.7175490779573438e-33 1.4642198219397847e-32 6.8855211822951925e-18 1.1287177181371251e-17; -0.06090235918591184 0.15374973299850647 1.1523492938729652e-17 6.8855211822951925e-18 0.1285203276500565 0.20081863191379462; -0.08281898472153477 0.23984324610227373 1.8828453393765e-17 1.1287177181371251e-17 0.20081863191379462 0.31589160871762384]
HF: 4  -7.858378838595769 : 0.9739538361317303    -6.205581567152446    -2.6267511075750525
D=
[1.0095487810883113 -0.04051095492251163 7.986634296743809e-18 1.5390784437297602e-16 -0.062460856796180894 -0.08439107361960982; -0.04051095492251163 0.1945726195175798 9.2436390031096e-18 7.244820613123813e-18 0.15660954853063686 0.24379760138544138; 7.986634296743809e-18 9.2436390031096e-18 1.5964032285803954e-33 1.2002735371071226e-33 7.333750395961216e-18 1.189805687688794e-17; 1.5390784437297602e-16 7.244820613123813e-18 1.2002735371071226e-33 3.5490410797738934e-32 8.136015676864744e-19 3.2657298938807503e-18; -0.062460856796180894 0.15660954853063686 7.333750395961216e-18 8.136015676864744e-19 0.12721314432225095 0.19792525440864278; -0.08439107361960982 0.24379760138544138 1.189805687688794e-17 3.2657298938807503e-18 0.19792525440864278 0.3088932839297694]
HF: 5  -7.859727276491849 : 0.9739538361317303    -6.204331875967685    -2.629349236655895
D=
[1.0094228823906528 -0.040846043594560996 1.0080357434269284e-17 -6.3827304453061816e-18 -0.06308835952448466 -0.08536345922441858; -0.040846043594560996 0.19996654593772262 -1.3634305905071076e-18 6.142523650080274e-18 0.15773804183022577 0.24639029528974138; 1.0080357434269284e-17 -1.3634305905071076e-18 9.055273197206846e-34 -3.113747476038616e-34 -1.191543732586806e-18 -1.6200321489710637e-18; -6.3827304453061816e-18 6.142523650080274e-18 -3.113747476038616e-34 2.1821274575248775e-32 4.9711382142566614e-18 7.67784341751839e-18; -0.06308835952448466 0.15773804183022577 -1.191543732586806e-18 4.9711382142566614e-18 0.12551992007571888 0.1957582388623045; -0.08536345922441858 0.24639029528974138 -1.6200321489710637e-18 7.67784341751839e-18 0.1957582388623045 0.30578862624247366]
HF: 6  -7.8603042745450304 : 0.9739538361317303    -6.203620980258183    -2.6306371304185774
D=
[1.0094520124516726 -0.04128773198564853 4.329575488672505e-18 -7.036424149698614e-17 -0.06330002908575494 -0.08598794495397458; -0.04128773198564853 0.2033940951129972 -8.502188547635901e-18 5.292797272891821e-18 0.15811837542603335 0.2481487274169959; 4.329575488672505e-18 -8.502188547635901e-18 8.780967037085968e-34 -1.6060940736267929e-34 -6.562169424362183e-18 -1.0245989275324116e-17; -7.036424149698614e-17 5.292797272891821e-18 -1.6060940736267929e-34 1.6320537312361822e-32 6.2825692994850974e-18 8.926554573354967e-18; -0.06330002908575494 0.15811837542603335 -6.562169424362183e-18 6.2825692994850974e-18 0.12396715442488304 0.19416687640084992; -0.08598794495397458 0.2481487274169959 -1.0245989275324116e-17 8.926554573354967e-18 0.19416687640084992 0.3044259964107051]
HF: 7  -7.860552381533144 : 0.9739538361317303    -6.203208291024281    -2.6312979266405927
D=
[1.0095311316532949 -0.041701631699589375 -6.38154772357457e-18 1.0632235179560124e-16 -0.06333570049291906 -0.08640183331657872; -0.041701631699589375 0.2056459382039595 1.923214151363126e-18 -7.090353043520125e-20 0.15819109018427807 0.24936842536053283; -6.38154772357457e-18 1.923214151363126e-18 6.616888766350761e-34 -1.727601402357306e-33 1.6620920865782037e-18 2.5845863426047517e-18; 1.0632235179560124e-16 -7.090353043520125e-20 -1.727601402357306e-33 3.6472196856676596e-32 -3.3479012129433706e-18 -3.888900837378149e-18; -0.06333570049291906 0.15819109018427807 1.6620920865782037e-18 -3.3479012129433706e-18 0.12270122735824546 0.19300966648984186; -0.08640183331657872 0.24936842536053283 2.5845863426047517e-18 -3.888900837378149e-18 0.19300966648984186 0.3038400262558101]
HF: 8  -7.860660094534745 : 0.9739538361317303    -6.202961996364981    -2.6316519343014937
D=
[1.0096162099952357 -0.04204535400064366 -1.8061861761074636e-18 1.0852158981336226e-16 -0.06330458714650898 -0.08668295342689221; -0.04204535400064366 0.20716458661946302 5.152514514695815e-18 2.2794396617757645e-18 0.158149630366221 0.2502263755350976; -1.8061861761074636e-18 5.152514514695815e-18 4.229514152582598e-34 -4.289748273536734e-34 3.9431803129074725e-18 6.2557136273299456e-18; 1.0852158981336226e-16 2.2794396617757645e-18 -4.289748273536734e-34 2.198535489181799e-32 -1.6558707957476469e-18 -1.1613417325276889e-18; -0.06330458714650898 0.158149630366221 3.9431803129074725e-18 -1.6558707957476469e-18 0.12172440099415407 0.1921725359315102; -0.08668295342689221 0.2502263755350976 6.2557136273299456e-18 -1.1613417325276889e-18 0.1921725359315102 0.30359768082118177]
HF: 9  -7.860707449744913 : 0.9739538361317303    -6.20281029269267    -2.6318509931839733
D=
[1.0096909962515195 -0.04231450827403849 9.508330291253475e-19 4.320965922006636e-17 -0.0632545378766645 -0.08687736666913118; -0.04231450827403849 0.2082088465397559 7.218858858025944e-18 1.5120607948562663e-18 0.1580759198123069 0.25083496068765887; 9.508330291253475e-19 7.218858858025944e-18 3.9376536035336555e-34 -1.4723668087993896e-34 5.39443183671159e-18 8.607769843582602e-18; 4.320965922006636e-17 1.5120607948562663e-18 -1.4723668087993896e-34 8.797026641668857e-33 -2.0587485673461863e-19 2.60155787016541e-19; -0.0632545378766645 0.1580759198123069 5.39443183671159e-18 -2.0587485673461863e-19 0.1209924514576643 0.19156872105670963; -0.08687736666913118 0.25083496068765887 8.607769843582602e-18 2.60155787016541e-19 0.19156872105670963 0.30350510352943194]
HF: 10  -7.860728572894487 : 0.9739538361317303    -6.20271383202785    -2.6319685769983674
D=
[1.0097513173570152 -0.04251848659367656 8.143726194702344e-18 1.9908672245042838e-17 -0.0632050470894702 -0.08701353101575077; -0.04251848659367656 0.20893689724280826 -6.658355192224564e-18 -6.634093929264215e-18 0.15800230394333695 0.2512687895973187; 8.143726194702344e-18 -6.658355192224564e-18 9.39083654625726e-34 5.02191660871762e-34 -5.222258435632462e-18 -8.23191338638002e-18; 1.9908672245042838e-17 -6.634093929264215e-18 5.02191660871762e-34 3.938049664920425e-33 -5.577806553923117e-18 -8.632542833875084e-18; -0.0632050470894702 0.15800230394333695 -5.222258435632462e-18 -5.577806553923117e-18 0.1204531099004161 0.19113394948612444; -0.08701353101575077 0.2512687895973187 -8.23191338638002e-18 -8.632542833875084e-18 0.19113394948612444 0.30347596525393356]
HF: 11  -7.86073814236588 : 0.9739538361317303    -6.202650690446736    -2.6320412880508743
D=
[1.0097978241158971 -0.042670074551674465 -5.706331728963915e-18 7.855542240325422e-17 -0.06316287333774023 -0.08710972468380179; -0.042670074551674465 0.2094493609765754 6.912158016225083e-18 -1.3202673091597908e-17 0.15793966667600162 0.2515789242743334; -5.706331728963915e-18 6.912158016225083e-18 1.185905630703907e-33 -1.4005276009832598e-33 5.334760336786611e-18 8.450525089046614e-18; 7.855542240325422e-17 -1.3202673091597908e-17 -1.4005276009832598e-33 1.0257656278655255e-32 -1.228624415837745e-17 -1.8563984340564308e-17; -0.06316287333774023 0.15793966667600162 5.334760336786611e-18 -1.228624415837745e-17 0.12005963516143746 0.1908212341188597; -0.08710972468380179 0.2515789242743334 8.450525089046614e-18 -1.8563984340564308e-17 0.1908212341188597 0.3034722382808057]
HF: 12  -7.860742546752993 : 0.9739538361317303    -6.202608335185239    -2.632088047699484
D=
[1.0098327542750751 -0.042781360988407124 7.380044996800822e-17 -3.512533461460675e-17 -0.06312933749227123 -0.08717807117545778; -0.042781360988407124 0.20981241906827186 -8.402086536037912e-18 -6.254225554858243e-18 0.15789005176657445 0.2518009941402433; 7.380044996800822e-17 -8.402086536037912e-18 1.0532258167411772e-32 -8.675146751292339e-33 -8.536205123147908e-18 -1.2654744084428277e-17; -3.512533461460675e-17 -6.254225554858243e-18 -8.675146751292339e-33 1.1527382961891335e-32 -3.585614170063895e-18 -6.204609291635255e-18; -0.06312933749227123 0.15789005176657445 -8.536205123147908e-18 -3.585614170063895e-18 0.11977431730881855 0.19059646717671308; -0.08717807117545778 0.2518009941402433 -1.2654744084428277e-17 -6.204609291635255e-18 0.19059646717671308 0.30347751907964865]
HF: 13  -7.860744605522917 : 0.9739538361317303    -6.20257936856013    -2.6321190730945165
D=
[1.0098585722824098 -0.04286242477061266 1.6932830694039326e-17 5.3793683914481853e-17 -0.06310366189383884 -0.0872268134139445; -0.04286242477061266 0.2100707463804043 -1.8019124286843215e-17 -5.439150702604963e-18 0.15785221782109665 0.2519601537156134; 1.6932830694039326e-17 -1.8019124286843215e-17 6.320298822690725e-33 -4.87283052047386e-33 -1.3937894608460687e-17 -2.2078925882928022e-17; 5.3793683914481853e-17 -5.439150702604963e-18 -4.87283052047386e-33 1.2207263502304591e-32 -5.7128555131045936e-18 -8.408680771852874e-18; -0.06310366189383884 0.15785221782109665 -1.3937894608460687e-17 -5.7128555131045936e-18 0.11956820575934776 0.19043499012013207; -0.0872268134139445 0.2519601537156134 -2.2078925882928022e-17 -8.408680771852874e-18 0.19043499012013207 0.303485010532532]
HF: 14  -7.860745582058084 : 0.9739538361317303    -6.202559268193995    -2.632140149995819
 16.362099 seconds (28.10 M allocations: 3.394 GiB, 1.04% gc time)
Test Summary: | Pass  Total
Quante.jl     |  157    157
All tests passed! 8^)
    Testing Quante tests passed 

PkgEval succeeded


################################################################################
# PkgEval teardown: 2021-01-11T20:10:51.276
CPU usage: 347.88s (310.88s user, 37.34s kernel)

Network usage:
- eth0: 2.858 MiB received, 64.892 KiB sent

Raw statistics: {"blkio_stats":{"io_queue_recursive":[],"io_serviced_recursive":[{"major":259,"value":0,"op":"Read","minor":0},{"major":259,"value":19,"op":"Write","minor":0},{"major":259,"value":14,"op":"Sync","minor":0},{"major":259,"value":5,"op":"Async","minor":0},{"major":259,"value":0,"op":"Discard","minor":0},{"major":259,"value":19,"op":"Total","minor":0},{"major":253,"value":0,"op":"Read","minor":2},{"major":253,"value":19,"op":"Write","minor":2},{"major":253,"value":14,"op":"Sync","minor":2},{"major":253,"value":5,"op":"Async","minor":2},{"major":253,"value":0,"op":"Discard","minor":2},{"major":253,"value":19,"op":"Total","minor":2}],"io_time_recursive":[],"sectors_recursive":[],"io_service_bytes_recursive":[{"major":259,"value":0,"op":"Read","minor":0},{"major":259,"value":77824,"op":"Write","minor":0},{"major":259,"value":57344,"op":"Sync","minor":0},{"major":259,"value":20480,"op":"Async","minor":0},{"major":259,"value":0,"op":"Discard","minor":0},{"major":259,"value":77824,"op":"Total","minor":0},{"major":253,"value":0,"op":"Read","minor":2},{"major":253,"value":77824,"op":"Write","minor":2},{"major":253,"value":57344,"op":"Sync","minor":2},{"major":253,"value":20480,"op":"Async","minor":2},{"major":253,"value":0,"op":"Discard","minor":2},{"major":253,"value":77824,"op":"Total","minor":2}],"io_wait_time_recursive":[],"io_merged_recursive":[],"io_service_time_recursive":[]},"memory_stats":{"usage":294928384,"max_usage":600301568,"stats":{"hierarchical_memory_limit":9223372036854771712,"pgmajfault":0,"total_rss":183558144,"inactive_file":135168,"inactive_anon":80560128,"total_pgfault":1514601,"total_cache":81387520,"total_rss_huge":0,"total_active_anon":184504320,"total_pgmajfault":0,"pgpgin":1106391,"rss_huge":0,"mapped_file":0,"total_inactive_file":135168,"dirty":135168,"total_unevictable":0,"total_dirty":135168,"writeback":0,"pgpgout":1041707,"hierarchical_memsw_limit":0,"cache":81387520,"active_file":135168,"pgfault":1514601,"total_mapped_file":0,"total_pgpgout":1041707,"total_writeback":0,"rss":183558144,"unevictable":0,"total_inactive_anon":80560128,"total_pgpgin":1106391,"active_anon":184504320,"total_active_file":135168},"limit":540965302272},"name":"/Quante-uElptwOU","networks":{"eth0":{"rx_bytes":2996346,"rx_packets":669,"tx_packets":571,"tx_bytes":66449,"tx_dropped":0,"rx_dropped":12,"tx_errors":0,"rx_errors":0}},"id":"a628f04018e08821bfc7dc02bd4b7ab3736a97156d5fe42c72e75a2350b4e2c8","preread":"0001-01-01T00:00:00Z","storage_stats":{},"precpu_stats":{"throttling_data":{"throttled_periods":0,"throttled_time":0,"periods":0},"cpu_usage":{"usage_in_usermode":0,"usage_in_kernelmode":0,"total_usage":0}},"pids_stats":{"current":44},"num_procs":0,"cpu_stats":{"throttling_data":{"throttled_periods":0,"throttled_time":0,"periods":0},"system_cpu_usage":5362530334522419,"online_cpus":128,"cpu_usage":{"usage_in_usermode":310880000000,"usage_in_kernelmode":37340000000,"total_usage":347883764558,"percpu_usage":[0,0,0,0,0,0,0,0,0,0,0,0,0,17870,0,347883741908,0,0,0,0,0,0,0,0,0,0,0,0,0,0,0,0,0,0,0,0,0,0,0,0,0,0,0,0,0,0,0,0,0,0,0,0,0,0,0,0,0,0,0,0,0,0,0,0,0,0,0,0,0,0,0,0,0,0,0,0,4780,0,0,0,0,0,0,0,0,0,0,0,0,0,0,0,0,0,0,0,0,0,0,0,0,0,0,0,0,0,0,0,0,0,0,0,0,0,0,0,0,0,0,0,0,0,0,0,0,0,0,0]}},"read":"2021-01-11T20:10:51.509883253Z"}