################################################################################
# PackageCompiler set-up: 2021-01-11T15:53:35.466
#

Julia Version 1.5.3
Commit 599f52c4c6 (2020-12-18 13:33 UTC)
Platform Info:
  OS: Linux (x86_64-linux-gnu)
  CPU: AMD EPYC 7502 32-Core Processor
  WORD_SIZE: 64
  LIBM: libopenlibm
  LLVM: libLLVM-9.0.1 (ORCJIT, znver2)
Environment:
  JULIA_PKGEVAL = true
  JULIA_PKG_PRECOMPILE_AUTO = 0



################################################################################
# Installation: 2021-01-11T15:53:37.177
#

 Installing known registries into `~/.julia`
######################################################################## 100.0%
      Added registry `General` to `~/.julia/registries/General`
  Resolving package versions...
  Installed TransformUtils ── v0.2.6
  Installed PackageCompiler ─ v1.2.5
Updating `~/.julia/environments/v1.5/Project.toml`
  [9b87118b] + PackageCompiler v1.2.5
  [9b8138ad] + TransformUtils v0.2.6
Updating `~/.julia/environments/v1.5/Manifest.toml`
  [9b87118b] + PackageCompiler v1.2.5
  [9b8138ad] + TransformUtils v0.2.6
  [2a0f44e3] + Base64
  [ade2ca70] + Dates
  [b77e0a4c] + InteractiveUtils
  [76f85450] + LibGit2
  [8f399da3] + Libdl
  [37e2e46d] + LinearAlgebra
  [56ddb016] + Logging
  [d6f4376e] + Markdown
  [44cfe95a] + Pkg
  [de0858da] + Printf
  [3fa0cd96] + REPL
  [9a3f8284] + Random
  [ea8e919c] + SHA
  [9e88b42a] + Serialization
  [6462fe0b] + Sockets
  [cf7118a7] + UUIDs
  [4ec0a83e] + Unicode


################################################################################
# Compiling: 2021-01-11T15:53:42.78
#

[ Info: PackageCompiler: creating system image object file, this might take a while...
Generated system image is 147.429 MiB, compilation took 158 seconds


################################################################################
# PkgEval set-up: 2021-01-11T15:56:27.861
#

Julia Version 1.5.3
Commit 599f52c4c6 (2020-12-18 13:33 UTC)
Platform Info:
  OS: Linux (x86_64-linux-gnu)
  CPU: AMD EPYC 7502 32-Core Processor
  WORD_SIZE: 64
  LIBM: libopenlibm
  LLVM: libLLVM-9.0.1 (ORCJIT, znver2)
Environment:
  JULIA_PKGEVAL = true
  JULIA_PKG_PRECOMPILE_AUTO = 0

Base.julia_cmd() = `/usr/local/julia/bin/julia -Cnative -J/cache/TransformUtils-vwd3U4Q5.so -g1`


################################################################################
# Installation: 2021-01-11T15:56:29.704
#

 Installing known registries into `~/.julia`
#######                                                                   10.7%######################################################################## 100.0%
      Added registry `General` to `~/.julia/registries/General`
  Resolving package versions...
  Installed TransformUtils ─ v0.2.6
Updating `~/.julia/environments/v1.5/Project.toml`
  [9b8138ad] + TransformUtils v0.2.6
Updating `~/.julia/environments/v1.5/Manifest.toml`
  [9b8138ad] + TransformUtils v0.2.6
  [8f399da3] + Libdl
  [37e2e46d] + LinearAlgebra


################################################################################
# Testing: 2021-01-11T15:56:33.942
#

    Testing TransformUtils
Status `/tmp/jl_2IqPGc/Project.toml`
  [9b8138ad] TransformUtils v0.2.6
  [37e2e46d] LinearAlgebra
  [8dfed614] Test
Status `/tmp/jl_2IqPGc/Manifest.toml`
  [9b8138ad] TransformUtils v0.2.6
  [2a0f44e3] Base64
  [8ba89e20] Distributed
  [b77e0a4c] InteractiveUtils
  [8f399da3] Libdl
  [37e2e46d] LinearAlgebra
  [56ddb016] Logging
  [d6f4376e] Markdown
  [9a3f8284] Random
  [9e88b42a] Serialization
  [6462fe0b] Sockets
  [8dfed614] Test
Test Summary:                               |
Constructors SO3, Quaternion, AngleAxis...  | No tests
Test Summary:                           | Pass  Total
Ensure basic quaternion operations hold |   10     10
Test Summary:                                       | Pass  Total
Comparison functions for SO3, Quaternion, AngleAxis |    5      5
Test Summary:                                        | Pass  Total
Trivial case quaterion -> SO3 -> Euler -> quaternion |    2      2
┌ Warning: Need better coverage on convert function tests
└ @ Main ~/.julia/packages/TransformUtils/cFZOw/test/runtests.jl:89
dAA = AngleAxis(0.7853981633974483, [1.0, 0.0, 0.0])
dAA = so3([0.0 -0.0027654059392278143 0.030383060724636726; 0.0027654059392278143 0.0 0.04372825468194554; -0.030383060724636726 -0.04372825468194554 0.0])
dAA = so3([0.0 -0.019399884821838326 0.0818469045477756; 0.019399884821838326 0.0 -0.1349902935871538; -0.0818469045477756 0.1349902935871538 0.0])
dAA = so3([0.0 0.09146073587732675 -0.03379671505599036; -0.09146073587732675 0.0 -0.11299626351426882; 0.03379671505599036 0.11299626351426882 0.0])
dAA = Quaternion(0.9989795507909646, [-0.010873650844437551, 0.041649650898745484, 0.013672139511023756])
dAA = SO3([0.9985848772103888 -0.046808539717802376 -0.025242892389738134; 0.048853019428510065 0.994956594334946 0.08760569548906952; 0.021014887566451562 -0.08871491418523086 0.9958353470838824])
Test Summary:                        | Pass  Total
Compare SO3 and quaternion rotations |   24     24
Test Summary:       | Pass  Total
Basic SE3 mechanics |    4      4
Compare operations on two different SE3 transforms
xi = SE3(SO3([0.9781795672995585 -0.013157574591113188 0.2073441881233421; 0.08130587930410522 0.9426407235867618 -0.32375580338646054; -0.19119123439173374 0.333549613201253 0.9231416832886811]), [-0.4372825468194554, 0.30383060724636723, 0.027654059392278142])
xj = SE3(SO3([0.9760607185075699 -0.07108184366400365 0.20555496901756565; 0.06033148179499779 0.9964854838276986 0.058110178326152985; -0.20896312136572345 -0.044317626538473286 0.9769188102841967]), [1.1299626351426881, -0.3379671505599036, -0.9146073587732675])
Dx = SE3(SO3([0.999619872581155 0.019962463121480346 0.019016056556463184; -0.02567124835978419 0.9254809349892238 0.37792330700702004; -0.010054717722807999 -0.3782678139064909 0.9256415956588808]), [1.6610174065689813, -0.9398967797626758, -0.3370958631289631])
Test Summary:         | Pass  Total
SE3 ⊕ and ⊖ mechanics |    6      6
TransformUtils.convert(Euler, q) = Euler(0.7853981633974484, 0.0, 1.5707963267948963, Quaternion(1.0, [0.0, 0.0, 0.0]))
Test Summary:              | Pass  Total
Previous discovered issues |    3      3
Test Summary:      | Pass  Total
test SO3 logmap... |  301    301
Test Summary:                              | Pass  Total
test in-place and efficient inverse SE3... |    1      1
    Testing TransformUtils tests passed 

PkgEval succeeded


################################################################################
# PkgEval teardown: 2021-01-11T15:56:44.763
CPU usage: 16.91s (14.63s user, 2.33s kernel)

Network usage:
- eth0: 2.563 MiB received, 32.271 KiB sent

Raw statistics: {"blkio_stats":{"io_queue_recursive":[],"io_serviced_recursive":[{"major":259,"value":0,"op":"Read","minor":0},{"major":259,"value":19,"op":"Write","minor":0},{"major":259,"value":14,"op":"Sync","minor":0},{"major":259,"value":5,"op":"Async","minor":0},{"major":259,"value":0,"op":"Discard","minor":0},{"major":259,"value":19,"op":"Total","minor":0},{"major":253,"value":0,"op":"Read","minor":2},{"major":253,"value":19,"op":"Write","minor":2},{"major":253,"value":14,"op":"Sync","minor":2},{"major":253,"value":5,"op":"Async","minor":2},{"major":253,"value":0,"op":"Discard","minor":2},{"major":253,"value":19,"op":"Total","minor":2}],"io_time_recursive":[],"sectors_recursive":[],"io_service_bytes_recursive":[{"major":259,"value":0,"op":"Read","minor":0},{"major":259,"value":77824,"op":"Write","minor":0},{"major":259,"value":57344,"op":"Sync","minor":0},{"major":259,"value":20480,"op":"Async","minor":0},{"major":259,"value":0,"op":"Discard","minor":0},{"major":259,"value":77824,"op":"Total","minor":0},{"major":253,"value":0,"op":"Read","minor":2},{"major":253,"value":77824,"op":"Write","minor":2},{"major":253,"value":57344,"op":"Sync","minor":2},{"major":253,"value":20480,"op":"Async","minor":2},{"major":253,"value":0,"op":"Discard","minor":2},{"major":253,"value":77824,"op":"Total","minor":2}],"io_wait_time_recursive":[],"io_merged_recursive":[],"io_service_time_recursive":[]},"memory_stats":{"usage":291225600,"max_usage":494194688,"stats":{"hierarchical_memory_limit":9223372036854771712,"pgmajfault":0,"total_rss":182603776,"inactive_file":135168,"inactive_anon":78802944,"total_pgfault":283437,"total_cache":79269888,"total_rss_huge":0,"total_active_anon":183152640,"total_pgmajfault":0,"pgpgin":171963,"rss_huge":0,"mapped_file":0,"total_inactive_file":135168,"dirty":135168,"total_unevictable":0,"total_dirty":135168,"writeback":0,"pgpgout":108038,"hierarchical_memsw_limit":0,"cache":79269888,"active_file":135168,"pgfault":283437,"total_mapped_file":0,"total_pgpgout":108038,"total_writeback":0,"rss":182603776,"unevictable":0,"total_inactive_anon":78802944,"total_pgpgin":171963,"active_anon":183152640,"total_active_file":135168},"limit":540965302272},"name":"/TransformUtils-AhrJIOl0","networks":{"eth0":{"rx_bytes":2687494,"rx_packets":357,"tx_packets":357,"tx_bytes":33045,"tx_dropped":0,"rx_dropped":1,"tx_errors":0,"rx_errors":0}},"id":"24f81e929d1645d13ee1de9bd1424d945e3259fcc9bca20df46d794c95f7a23f","preread":"0001-01-01T00:00:00Z","storage_stats":{},"precpu_stats":{"throttling_data":{"throttled_periods":0,"throttled_time":0,"periods":0},"cpu_usage":{"usage_in_usermode":0,"usage_in_kernelmode":0,"total_usage":0}},"pids_stats":{"current":44},"num_procs":0,"cpu_stats":{"throttling_data":{"throttled_periods":0,"throttled_time":0,"periods":0},"system_cpu_usage":3413907234522419,"online_cpus":128,"cpu_usage":{"usage_in_usermode":14630000000,"usage_in_kernelmode":2330000000,"total_usage":16907799399,"percpu_usage":[0,0,0,0,0,0,0,0,0,0,0,0,0,16907799399,0,0,0,0,0,0,0,0,0,0,0,0,0,0,0,0,0,0,0,0,0,0,0,0,0,0,0,0,0,0,0,0,0,0,0,0,0,0,0,0,0,0,0,0,0,0,0,0,0,0,0,0,0,0,0,0,0,0,0,0,0,0,0,0,0,0,0,0,0,0,0,0,0,0,0,0,0,0,0,0,0,0,0,0,0,0,0,0,0,0,0,0,0,0,0,0,0,0,0,0,0,0,0,0,0,0,0,0,0,0,0,0,0,0]}},"read":"2021-01-11T15:56:44.766309869Z"}